Date,momentum_DOGE,momentum_VET,momentum_ADA,momentum_HBAR,momentum_LTC,momentum_XLM,momentum_EOS,momentum_TRX,momentum_XRP,momentum_USDT,momentum_DOT,momentum_SOL,momentum_LUNA,momentum_AVAX,momentum_THETA,momentum_CAKE,momentum_MIOTA,momentum_UNI,momentum_LINK,momentum_XMR,momentum_AAVE,momentum_MKR,momentum_DASH
2021-01-01,0.2133,0.015600000000000001,-0.0349,0.0346,0.0172,0.036000000000000004,0.0172,0.0032,0.0818,0.0013,-0.1041,0.21239999999999998,,0.1509,0.0548,,-0.016,-0.0816,0.054400000000000004,-0.133,0.0259,-0.0076,-0.1134
2021-01-02,0.8527,0.0504,0.0131,0.0091,0.083,-0.0355,-0.0012,0.0128,-0.0684,-0.0015,0.1107,-0.020099999999999996,,-0.043,0.2211,,-0.0181,0.0256,0.0313,0.056799999999999996,-0.053,0.0481,-0.0144
2021-01-03,-0.060899999999999996,0.31120000000000003,0.1597,-0.012,0.1782,0.0691,0.06309999999999999,0.083,0.0173,-0.0003,0.1018,0.2181,,-0.0069,-0.11320000000000001,,0.0825,0.1217,0.1217,-0.0366,0.0882,0.1097,0.0292
2021-01-04,-0.0070999999999999995,-0.0603,0.09820000000000001,-0.0091,-0.035,0.2026,0.0089,0.0518,0.0487,0.0,-0.06309999999999999,0.1278,,0.038,-0.0787,,0.1112,-0.0060999999999999995,-0.0062,-0.0326,0.21780000000000002,0.0165,-0.0059
2021-01-05,0.0182,0.1328,0.1452,0.1477,0.0187,0.17809999999999998,0.0226,-0.0795,-0.0437,0.0019,0.024399999999999998,-0.1246,,0.1794,0.0898,,0.0254,0.15460000000000002,0.0655,0.0176,0.051,0.1127,0.0026
2021-01-06,0.0487,0.08990000000000001,0.2866,0.029500000000000002,0.0652,0.7395,0.16760000000000003,0.0679,0.1032,-0.0007000000000000001,0.0362,-0.10800000000000001,,0.0758,0.018799999999999997,,0.081,0.0263,0.1891,0.046,-0.034,0.3592,0.0576
2021-01-07,-0.0688,-0.0596,-0.10439999999999999,-0.0026,0.0045000000000000005,-0.0688,-0.0516,0.0155,0.3006,-0.0013,-0.0447,0.2365,,-0.022099999999999998,-0.0837,,0.005,-0.025099999999999997,-0.073,0.0037,-0.0023,0.0196,0.0489
2021-01-08,0.0029,-0.0467,0.019799999999999998,0.5770000000000001,0.015600000000000001,-0.0501,-0.0271,-0.014199999999999999,-0.0083,-0.0003,-0.0348,0.3478,,0.2956,0.0001,,-0.035699999999999996,-0.0601,-0.047,-0.0039000000000000003,-0.0381,-0.018600000000000002,-0.0268
2021-01-09,0.0415,0.057999999999999996,0.0862,-0.1589,0.0291,0.045,0.162,0.10880000000000001,0.011000000000000001,0.0031,0.0493,0.04650000000000001,,0.2408,0.023,,0.1714,0.0581,0.1518,0.0355,0.0601,0.5317000000000001,0.1421
2021-01-10,-0.0322,-0.060700000000000004,-0.0843,-0.0354,-0.039599999999999996,-0.0821,-0.1517,-0.0302,-0.0281,-0.0023,-0.04769999999999999,0.0298,,-0.08839999999999999,-0.0252,,-0.0105,-0.039,-0.0764,0.2583,0.0825,-0.053899999999999997,0.3375
2021-01-11,-0.102,-0.10279999999999999,-0.0874,-0.1245,-0.1833,-0.0464,-0.1293,-0.11720000000000001,-0.08779999999999999,0.0,-0.10869999999999999,-0.1024,,-0.0124,-0.0862,,-0.13949999999999999,-0.1243,-0.0962,-0.1467,-0.0983,-0.0682,-0.14730000000000001
2021-01-12,-0.0863,-0.0571,0.0424,0.0886,-0.0401,0.0331,-0.0273,-0.0109,0.0171,0.0006,0.0003,0.162,,0.1968,0.0021,,-0.024399999999999998,0.0664,-0.0463,0.0037,0.1121,0.056900000000000006,0.0252
2021-01-13,0.0747,0.1371,0.0874,0.13699999999999998,0.10460000000000001,0.0816,0.0665,0.0724,0.0454,-0.0012,0.318,-0.0196,,0.0915,0.1524,,0.1551,0.1396,0.14029999999999998,0.0818,0.15689999999999998,0.044000000000000004,0.0355
2021-01-14,0.0843,-0.011699999999999999,-0.0055000000000000005,0.07719999999999999,0.0358,-0.0,0.015600000000000001,-0.0178,-0.029900000000000003,-0.0009,0.32299999999999995,-0.0721,,0.10800000000000001,0.0454,,0.0231,0.0929,0.1277,-0.0462,0.0,0.035,-0.0011
2021-01-15,-0.0028000000000000004,-0.0172,-0.0274,-0.0297,-0.0579,-0.0642,-0.018600000000000002,-0.0134,-0.0547,0.0009,-0.08839999999999999,-0.0078000000000000005,,0.0028000000000000004,-0.0621,,0.0155,0.061399999999999996,0.1573,-0.039,0.1292,-0.0774,-0.0636
2021-01-16,-0.0148,0.0608,0.161,0.0793,-0.0017000000000000001,0.0239,0.0070999999999999995,0.0116,-0.0031,0.0004,0.3608,0.0603,,0.36450000000000005,-0.005,,-0.0152,0.1378,-0.031400000000000004,-0.0104,0.09539999999999998,0.0040999999999999995,0.004
2021-01-17,-0.0152,0.0121,0.08560000000000001,0.026699999999999998,-0.0045000000000000005,0.044199999999999996,-0.0042,0.0040999999999999995,-0.0075,0.0005,-0.04769999999999999,0.1056,,0.027200000000000002,-0.0187,,0.026099999999999998,0.0348,0.15810000000000002,0.0264,0.0242,-0.0248,-0.0058
2021-01-18,0.0086,0.1313,-0.027000000000000003,0.0504,0.0635,0.0036,0.0175,0.046799999999999994,0.0287,0.0003,-0.0301,-0.0088,,-0.035,0.018600000000000002,,0.09359999999999999,0.0579,-0.054900000000000004,-0.0179,0.0718,-0.0179,0.0405
2021-01-19,-0.0129,-0.0548,-0.0087,0.0913,-0.0004,-0.022099999999999998,-0.0078000000000000005,-0.0313,0.0321,-0.0007000000000000001,-0.0104,-0.0358,,-0.0738,-0.0208,,-0.015,-0.062400000000000004,-0.0681,0.0027,-0.06480000000000001,-0.0098,-0.0364
2021-01-20,0.0002,0.19030000000000002,0.021,0.45530000000000004,-0.0144,-0.0159,-0.005699999999999999,-0.0053,0.0026,0.0005,0.0966,0.0217,,0.0519,0.015,,0.0017000000000000001,0.042199999999999994,0.0644,-0.0276,0.04769999999999999,0.006,-0.0275
2021-01-21,-0.0975,-0.1918,-0.1805,-0.0361,-0.13470000000000001,-0.1451,-0.08289999999999999,-0.09449999999999999,-0.09210000000000002,-0.0008,-0.11449999999999999,-0.20120000000000002,,-0.0861,-0.1425,,-0.12300000000000001,-0.1536,-0.15710000000000002,-0.1467,-0.18280000000000002,-0.1861,-0.17559999999999998
2021-01-22,0.042,0.1202,0.1369,-0.029300000000000003,0.0639,0.0753,0.029900000000000003,0.0353,0.0168,0.0014000000000000002,0.08070000000000001,0.12029999999999999,,0.1255,0.0894,,0.0953,0.1462,0.17329999999999998,0.0412,0.1894,0.2228,0.049100000000000005
2021-01-23,0.006500000000000001,-0.042300000000000004,-0.0123,-0.001,-0.0013,0.0001,0.0305,0.0231,-0.0034999999999999996,-0.0012,0.08800000000000001,0.049,,0.011399999999999999,0.0161,,-0.015600000000000001,0.07200000000000001,0.1463,0.0219,0.11699999999999999,-0.020499999999999997,0.0049
2021-01-24,0.0167,0.0204,0.022000000000000002,-0.0177,0.0242,0.0051,0.0038,0.0256,0.005699999999999999,0.0011,-0.0398,0.0374,,-0.0319,0.0108,,0.018500000000000003,0.2826,-0.0015,-0.005699999999999999,0.24850000000000003,0.055099999999999996,0.008
2021-01-25,-0.0414,-0.028399999999999998,-0.0285,-0.0265,-0.0274,-0.0381,-0.0239,-0.0163,-0.0206,-0.0016,-0.0425,0.020099999999999996,,-0.0256,0.0645,,-0.0481,-0.0572,-0.0555,-0.0068000000000000005,-0.0704,-0.06280000000000001,-0.011000000000000001
2021-01-26,-0.013500000000000002,-0.0102,0.0013,0.006500000000000001,-0.0175,0.0033,-0.0075,-0.0001,0.0031,0.0012,-0.0055000000000000005,0.0911,,0.0054,0.1025,,0.0021,0.2305,-0.0116,0.005600000000000001,0.1215,0.08039999999999999,-0.0003
2021-01-27,-0.09699999999999999,-0.1032,-0.0919,-0.1246,-0.0911,-0.08990000000000001,-0.047599999999999996,-0.041100000000000005,-0.0659,0.0007000000000000001,-0.0942,-0.0683,,-0.08560000000000001,-0.1284,,-0.0919,0.0633,-0.09230000000000001,-0.08960000000000001,0.032400000000000005,-0.0984,-0.079
2021-01-28,3.8736,0.036000000000000004,0.10189999999999999,0.1399,0.08800000000000001,0.2279,0.08109999999999999,0.0454,0.0535,-0.0006,0.0897,0.0138,,0.0692,-0.0024,,0.028399999999999998,-0.046,0.0958,0.0788,0.0368,0.0478,0.0636
2021-01-29,0.2849,0.0177,0.011200000000000002,-0.04019999999999999,0.0109,0.0025,0.0066,0.1282,0.0705,-0.0007000000000000001,-0.005600000000000001,0.0182,,-0.0271,0.0337,,0.0216,0.11939999999999999,-0.0109,0.0361,-0.030600000000000002,0.0070999999999999995,0.0172
2021-01-30,-0.39490000000000003,-0.0355,0.0461,-0.0633,-0.0098,0.1197,0.0754,-0.0354,0.5667,0.0008,-0.015300000000000001,0.0812,,0.0339,-0.0263,,0.0363,0.2412,0.0391,-0.0069,0.0973,0.1267,0.0059
2021-01-31,0.3066,-0.054299999999999994,-0.0512,-0.0024,-0.0296,-0.0658,-0.0005,-0.0194,0.11710000000000001,-0.0004,-0.0262,0.0128,,0.1216,-0.0463,,-0.0466,-0.0964,-0.0444,-0.0102,-0.0499,-0.06269999999999999,-0.0255
2021-02-01,-0.057999999999999996,0.1567,0.18350000000000002,0.0738,0.020499999999999997,0.053899999999999997,0.0435,0.0453,-0.2491,-0.0001,0.0199,0.08470000000000001,,-0.0182,0.067,,0.0189,0.15789999999999998,0.0137,0.04,-0.0161,-0.0086,0.011000000000000001
2021-02-02,-0.09820000000000001,-0.0431,0.042699999999999995,0.044000000000000004,0.0747,0.049100000000000005,-0.019,0.0060999999999999995,0.0018,0.0008,0.0458,0.1409,,0.0194,0.0553,,0.0332,-0.0716,0.0348,0.0541,0.026000000000000002,0.158,0.0601
2021-02-03,0.19329999999999997,0.038,0.0378,0.0346,0.09880000000000001,0.0199,0.0231,0.041299999999999996,0.067,-0.0008,0.215,0.08470000000000001,,0.1007,0.016,,0.053200000000000004,0.036000000000000004,0.058899999999999994,0.0235,0.27,0.0305,0.0632
2021-02-04,0.4177,-0.0508,-0.0053,-0.009399999999999999,-0.0784,-0.0574,-0.011899999999999999,-0.0417,0.1183,-0.0003,-0.056299999999999996,0.1284,,0.030600000000000002,-0.026600000000000002,,-0.0265,0.022000000000000002,-0.0225,-0.041299999999999996,0.21530000000000002,0.19879999999999998,-0.049100000000000005
2021-02-05,-0.1164,0.1573,0.2271,0.0495,0.0787,0.08039999999999999,0.09449999999999999,0.09380000000000001,0.017,-0.0006,0.0584,0.039900000000000005,,0.17129999999999998,0.1472,,0.1745,0.05,0.0738,0.047,0.0795,0.27440000000000003,0.084
2021-02-06,0.22829999999999998,-0.0664,0.1752,0.042199999999999994,0.0024,0.0718,-0.0322,-0.0315,-0.020099999999999996,0.001,-0.0226,-0.0897,,0.0106,-0.0667,,0.0886,-0.09179999999999999,-0.049800000000000004,-0.0202,-0.061799999999999994,-0.063,-0.0116
2021-02-07,0.36619999999999997,-0.0268,0.0453,-0.059699999999999996,-0.03,0.021099999999999997,0.0705,0.025,-0.054900000000000004,0.0002,-0.029300000000000003,0.0984,,0.3118,0.0058,,-0.009399999999999999,-0.0278,-0.0109,-0.0108,-0.0012,-0.0159,-0.0053
2021-02-08,0.0036,0.0747,0.022400000000000003,0.0277,0.1103,0.030299999999999997,0.0458,0.1252,0.0775,0.0001,0.1617,0.17629999999999998,,0.2682,0.27,,0.2924,0.034,0.0282,0.083,0.0351,0.0091,0.0672
2021-02-09,-0.1114,0.1294,0.042,0.04190000000000001,0.0842,0.0068000000000000005,0.1577,0.138,0.056799999999999996,-0.0001,0.0052,-0.0068000000000000005,,0.047400000000000005,-0.0013,,0.0432,0.0104,0.0862,0.038599999999999995,-0.0029,0.026600000000000002,0.0883
2021-02-10,0.036699999999999997,0.0154,0.3323,0.0364,0.0006,0.035699999999999996,-0.0073,0.005,0.0594,-0.0005,0.021099999999999997,0.1618,,0.7432,-0.0248,,0.1814,0.060899999999999996,-0.0286,0.038,0.0731,-0.013500000000000002,0.0163
2021-02-11,-0.040999999999999995,0.1865,-0.0118,0.24559999999999998,0.0121,0.1011,0.1093,0.2262,0.04650000000000001,-0.0003,0.0603,0.0108,,-0.1438,0.0322,,0.32189999999999996,0.036000000000000004,0.0377,0.0828,-0.011899999999999999,0.0062,0.1779
2021-02-12,0.0026,0.2834,-0.0048,0.0222,0.0687,0.16210000000000002,0.036699999999999997,-0.0278,0.15289999999999998,0.0012,0.1466,0.0033,,0.0259,0.024300000000000002,,0.0527,0.0556,0.1003,0.056100000000000004,0.0212,0.0779,0.0321
2021-02-13,-0.0507,0.0018,-0.0148,0.008,0.1505,0.06480000000000001,0.1686,0.0843,0.039599999999999996,-0.0011,-0.025099999999999997,-0.053399999999999996,,-0.0858,0.1158,,0.0574,-0.0382,0.1155,0.2014,-0.0637,-0.0529,0.5769
2021-02-14,-0.0545,-0.0434,-0.0732,-0.08349999999999999,-0.0547,-0.0863,-0.087,-0.0764,-0.064,0.0002,-0.0368,-0.0001,,-0.1137,-0.0478,,-0.0924,-0.044000000000000004,-0.0288,-0.0471,-0.0525,-0.0304,-0.1373
2021-02-15,-0.0989,-0.0245,0.0187,0.13419999999999999,-0.0275,-0.0421,-0.0716,-0.07919999999999999,-0.0728,-0.0005,0.030899999999999997,0.015300000000000001,,-0.0239,0.063,,0.0721,-0.0354,-0.018799999999999997,-0.0085,-0.0287,-0.020099999999999996,0.12240000000000001
2021-02-16,-0.0519,-0.0333,0.011899999999999999,-0.049800000000000004,0.0129,-0.0176,-0.0125,0.022099999999999998,-0.054299999999999994,0.0003,0.08109999999999999,-0.0635,,-0.044500000000000005,0.006,0.08800000000000001,-0.013999999999999999,0.0208,-0.017,-0.0278,-0.0489,0.0085,-0.036699999999999997
2021-02-17,-0.0756,0.0364,0.0245,0.011699999999999999,0.1268,0.0241,0.0406,0.0108,0.0277,-0.0003,0.0661,-0.009000000000000001,,0.023700000000000002,0.030699999999999998,0.3859,0.0362,0.0492,0.005699999999999999,0.2253,0.041100000000000005,0.0492,0.0641
2021-02-18,0.1954,0.06280000000000001,0.024700000000000003,0.07490000000000001,-0.044199999999999996,0.0001,-0.0034000000000000002,0.0437,-0.0063,-0.0002,-0.0302,0.096,,0.09630000000000001,0.0151,0.32530000000000003,0.14400000000000002,-0.0159,0.0059,-0.0388,-0.02,0.0062,0.0579
2021-02-19,-0.0693,-0.015700000000000002,0.013300000000000001,0.0147,0.0446,0.0318,0.0861,0.1063,0.061500000000000006,0.0,0.1213,0.2721,,-0.0536,0.041100000000000005,0.4275,-0.0015,-0.0519,0.071,0.0794,-0.0495,-0.0225,0.1522
2021-02-20,-0.016399999999999998,-0.0008,0.20550000000000002,-0.0541,-0.0388,-0.0518,-0.0741,-0.0481,-0.091,-0.0003,0.12050000000000001,-0.129,,-0.0759,-0.0070999999999999995,-0.2249,-0.0701,0.4305,-0.0199,-0.0933,0.051399999999999994,0.0144,-0.0814
2021-02-21,0.0323,0.0246,-0.0146,0.0154,-0.0012,0.020099999999999996,0.0533,0.0276,0.062400000000000004,0.0003,0.0141,0.10830000000000001,,0.0096,-0.0292,0.136,0.018500000000000003,0.0022,0.0028000000000000004,-0.0333,-0.0096,0.0053,0.013300000000000001
2021-02-22,-0.0421,-0.08689999999999999,-0.0027,-0.066,-0.08439999999999999,-0.0667,-0.08,-0.0861,0.04019999999999999,-0.0001,-0.0479,0.3063,,-0.109,-0.0682,-0.1594,-0.0695,-0.035,-0.0774,-0.09230000000000001,-0.0863,-0.0917,-0.09939999999999999
2021-02-23,-0.1094,-0.159,-0.12119999999999999,-0.1258,-0.1466,-0.1653,-0.17920000000000003,-0.1704,-0.1607,0.0,-0.08130000000000001,0.047,,-0.1454,-0.0805,-0.09050000000000001,-0.1641,-0.105,-0.175,-0.015300000000000001,-0.0882,-0.061200000000000004,-0.1467
2021-02-24,0.1884,0.0165,0.0873,0.0783,0.0223,0.0487,0.0095,0.0665,-0.011899999999999999,0.0009,-0.0262,0.1394,,0.0843,0.08449999999999999,0.1118,0.0901,0.0152,0.08310000000000001,-0.07440000000000001,0.0089,0.0003,0.025099999999999997
2021-02-25,-0.1167,-0.08130000000000001,0.0258,-0.09519999999999999,-0.011000000000000001,-0.0616,-0.055999999999999994,-0.0582,-0.0717,-0.0005,-0.0741,-0.19390000000000002,-0.1065,-0.11,-0.1009,-0.17350000000000002,-0.0799,-0.0781,-0.1208,-0.0363,-0.0805,-0.0931,-0.0819
2021-02-26,0.0084,0.0064,0.1548,0.019,-0.0529,0.052300000000000006,-0.0325,-0.0003,-0.0179,-0.0005,0.008,-0.023700000000000002,-0.0097,-0.0242,0.024,-0.0351,0.018500000000000003,-0.0049,0.0184,0.0366,-0.045700000000000005,-0.0379,-0.0526
2021-02-27,-0.0077,0.0308,0.0604,0.0068000000000000005,0.0109,0.0949,0.0338,0.0296,0.018500000000000003,0.0015,0.06480000000000001,-0.030600000000000002,0.0018,-0.0067,0.0302,-0.0559,0.028300000000000002,0.0163,0.0398,0.024,0.0297,0.0121,0.0189
2021-02-28,-0.038900000000000004,-0.0273,-0.0068000000000000005,-0.0395,-0.0393,-0.07490000000000001,-0.0547,-0.019799999999999998,-0.046900000000000004,0.0011,0.0105,0.1411,-0.0947,-0.0707,-0.0067,-0.1242,-0.023700000000000002,-0.055999999999999994,-0.0576,0.0414,0.0644,0.0321,-0.066
2021-03-01,0.0508,0.1534,-0.0088,0.09539999999999998,0.0658,0.0616,0.0572,0.0493,0.0728,-0.0021,0.0548,-0.0013,0.2609,0.14679999999999999,0.0493,0.40740000000000004,0.08039999999999999,0.1586,0.12369999999999999,0.056900000000000006,0.08990000000000001,0.0665,0.1401
2021-03-02,-0.0059,-0.0429,-0.0552,-0.02,0.013300000000000001,-0.0265,-0.0008,-0.0206,-0.0218,0.001,0.014499999999999999,-0.0696,-0.0416,-0.013500000000000002,0.1274,-0.08380000000000001,-0.023799999999999998,-0.0070999999999999995,0.027999999999999997,-0.041100000000000005,0.014499999999999999,-0.0039000000000000003,-0.0371
2021-03-03,0.0039000000000000003,0.2082,-0.0084,0.0449,0.053200000000000004,0.0051,0.044199999999999996,0.0446,0.028999999999999998,-0.0007000000000000001,0.0232,0.0103,0.11410000000000001,0.005699999999999999,0.0784,0.0484,0.026000000000000002,-0.006500000000000001,0.0504,-0.0075,0.0139,0.0178,0.030600000000000002
2021-03-04,-0.0108,-0.0509,-0.0839,0.242,-0.0381,-0.022400000000000003,-0.021400000000000002,0.050499999999999996,0.0723,-0.0003,-0.0484,-0.0725,0.0409,-0.0535,0.11720000000000001,-0.0842,0.046799999999999994,0.1142,-0.07490000000000001,-0.0076,-0.0558,-0.0019,-0.0513
2021-03-05,-0.0069,0.0353,0.041100000000000005,-0.0647,-0.0029,-0.0167,-0.015,-0.024300000000000002,-0.0538,0.0008,-0.04650000000000001,-0.0385,0.1284,-0.0556,-0.0748,-0.0384,0.045599999999999995,0.0022,0.0064,-0.053,-0.0181,-0.062,-0.0255
2021-03-06,0.0273,0.025099999999999997,-0.0252,-0.0262,0.0148,-0.0076,0.0084,0.0003,0.0175,-0.0009,-0.0074,0.0364,-0.0258,0.0229,0.0069,0.0018,-0.0351,0.0067,0.0108,-0.0060999999999999995,0.056799999999999996,0.09119999999999999,0.0147
2021-03-07,0.018600000000000002,0.061799999999999994,0.0025,0.0504,0.0434,0.0279,0.0291,0.030899999999999997,0.0051,0.0003,0.052000000000000005,0.057999999999999996,0.0012,0.0737,0.043899999999999995,0.048499999999999995,0.023399999999999997,0.2032,0.0151,0.0199,0.0668,0.0024,0.028999999999999998
2021-03-08,0.2114,0.1545,-0.011899999999999999,0.1452,0.0044,0.013000000000000001,0.0169,0.024700000000000003,0.0177,0.0,-0.0032,-0.012199999999999999,0.1696,-0.0425,0.1346,0.022000000000000002,-0.008199999999999999,-0.0335,0.1134,0.0575,0.0545,-0.0264,0.0161
2021-03-09,-0.0775,-0.013500000000000002,0.0704,0.20370000000000002,0.0634,0.0318,0.0693,0.0033,0.0241,0.0005,0.0922,0.08710000000000001,0.2094,0.3418,0.0885,0.19030000000000002,0.0926,-0.01,-0.0104,0.018799999999999997,0.0167,0.0311,0.1186
2021-03-10,-0.0358,-0.04769999999999999,-0.0535,0.0634,-0.0178,-0.0509,-0.0424,-0.032799999999999996,-0.0483,-0.0001,-0.0168,-0.0383,-0.048499999999999995,-0.1383,0.2191,-0.1005,-0.0805,-0.059500000000000004,-0.0501,-0.02,-0.08439999999999999,-0.0015,-0.04019999999999999
2021-03-11,-0.0001,0.09480000000000001,-0.0079,0.2026,0.006,-0.011000000000000001,-0.009300000000000001,0.0003,-0.0217,0.0,-0.018000000000000002,0.125,-0.0278,0.0401,0.0779,-0.0335,0.0658,0.0036,0.0055000000000000005,0.0037,-0.0038,-0.0138,0.004
2021-03-12,-0.0113,-0.023700000000000002,-0.0819,0.0067,0.0958,-0.045599999999999995,-0.042699999999999995,-0.0294,-0.0269,-0.0002,-0.025,-0.08960000000000001,0.31129999999999997,-0.09119999999999999,-0.014499999999999999,-0.10830000000000001,-0.0489,-0.003,-0.0567,0.0070999999999999995,-0.0753,-0.041299999999999996,-0.044500000000000005
2021-03-13,0.13449999999999998,0.0285,0.06709999999999999,0.024399999999999998,0.0254,0.0525,0.1316,0.0584,0.0416,-0.0006,0.032400000000000005,0.0512,0.0297,0.10279999999999999,-0.0151,0.0352,0.040999999999999995,0.053,0.0483,0.0726,0.1051,0.0172,0.08349999999999999
2021-03-14,-0.068,-0.0226,-0.04190000000000001,0.3173,-0.053,-0.044199999999999996,-0.08039999999999999,-0.0336,-0.04019999999999999,-0.0003,-0.0174,-0.053,0.0859,-0.058899999999999994,0.0782,-0.036699999999999997,-0.0466,-0.0552,-0.0374,-0.0281,-0.0796,-0.0556,-0.0481
2021-03-15,-0.025099999999999997,0.19390000000000002,-0.0229,0.1001,-0.0643,-0.0137,-0.0316,-0.008,-0.0083,0.0009,-0.060700000000000004,-0.024300000000000002,0.0347,-0.0040999999999999995,-0.0863,-0.08789999999999999,-0.0258,-0.0332,-0.0412,-0.0441,-0.0368,-0.0253,-0.0467
2021-03-16,0.028900000000000002,-0.0548,0.2118,-0.1461,0.0062,0.0308,0.0664,0.0327,0.0567,-0.0006,0.0331,-0.0373,0.213,0.1425,0.0426,-0.0027,0.0401,0.0095,0.0169,0.034,0.0084,0.0359,0.012
2021-03-17,-0.0125,0.030299999999999997,0.1026,0.052300000000000006,0.0219,0.0189,0.0052,0.0471,0.0209,-0.0006,0.020499999999999997,0.0417,-0.0693,-0.011200000000000002,0.1197,0.0341,0.0183,0.0443,0.1117,0.0291,0.032,0.0215,0.0254
2021-03-18,-0.0101,0.0108,-0.1061,-0.0436,-0.030899999999999997,-0.020099999999999996,0.0149,-0.0275,-0.0024,0.0004,-0.022000000000000002,0.0006,0.0232,0.0158,0.0719,-0.0397,-0.0227,-0.0434,-0.0518,-0.034,-0.0489,-0.0007000000000000001,-0.0152
2021-03-19,0.017,0.043899999999999995,0.0526,0.0006,0.0027,0.0016,-0.0019,0.1007,-0.0046,0.0002,0.08039999999999999,-0.0051,0.051100000000000007,0.1258,-0.0253,-0.0069,0.0083,0.1096,0.0125,0.0134,0.017,-0.0085,-0.0008
2021-03-20,0.0095,0.1047,-0.0737,-0.0832,-0.0014000000000000002,0.050499999999999996,0.0462,0.0362,0.12380000000000001,-0.0004,-0.0241,0.0048,0.047400000000000005,-0.0848,0.012,0.0028000000000000004,0.0533,-0.0366,-0.005600000000000001,0.0026,0.0017000000000000001,0.0187,0.0070999999999999995
2021-03-21,-0.0231,0.047400000000000005,-0.0113,0.081,-0.0231,-0.028399999999999998,-0.0404,0.0409,-0.0148,0.0004,-0.0167,0.0098,0.052000000000000005,-0.0408,0.1589,0.0253,0.0038,0.0275,-0.0139,-0.0005,-0.0067,-0.0175,-0.0274
2021-03-22,-0.044199999999999996,-0.056600000000000004,-0.0702,-0.0808,-0.0499,-0.027000000000000003,-0.018799999999999997,-0.063,0.053099999999999994,0.0002,-0.0378,0.0374,-0.1189,-0.1105,0.041100000000000005,0.0762,0.0398,-0.0029,-0.0663,-0.0635,-0.085,-0.0634,-0.0655
2021-03-23,-0.027200000000000002,-0.058499999999999996,0.011699999999999999,0.020099999999999996,0.003,0.0078000000000000005,0.003,-0.0104,0.0116,-0.0003,-0.029300000000000003,-0.0472,-0.12300000000000001,-0.024,0.2817,0.0536,0.1276,-0.0555,-0.0173,0.004,-0.016399999999999998,0.0231,0.0014000000000000002
2021-03-24,-0.0361,0.022099999999999998,-0.0414,-0.0677,-0.0537,-0.0849,-0.09720000000000001,-0.049400000000000006,-0.1241,0.0001,-0.1159,-0.042699999999999995,-0.0239,-0.0906,-0.1244,0.0479,-0.1469,-0.1159,-0.071,-0.0322,-0.0662,-0.09630000000000001,-0.076
2021-03-25,-0.0048,-0.0489,0.0245,0.011000000000000001,-0.0258,-0.0019,-0.0048,-0.0086,0.0596,0.0002,-0.0134,-0.0438,-0.0098,-0.0034000000000000002,0.1707,-0.0087,-0.0537,-0.0327,0.025,0.0159,0.053899999999999997,0.0361,-0.0104
2021-03-26,0.0529,0.1128,0.1076,0.1407,0.0684,0.0638,0.1389,0.17,0.10220000000000001,-0.0003,0.1119,0.1361,0.1244,0.0953,-0.044500000000000005,0.2408,0.0824,0.09300000000000001,0.0729,0.0334,0.1001,0.054400000000000004,0.0767
2021-03-27,0.0084,-0.0158,-0.031,-0.0177,0.0036,-0.0067,-0.023,-0.0169,-0.0269,0.0003,-0.0165,0.12,0.0147,-0.022799999999999997,-0.0622,0.1723,-0.0327,-0.028300000000000002,-0.0195,-0.0017000000000000001,-0.018500000000000003,0.0791,-0.0101
2021-03-28,-0.014499999999999999,0.024900000000000002,0.0108,-0.0009,0.001,0.04,0.0054,0.0001,-0.0040999999999999995,-0.0005,-0.0124,0.08800000000000001,-0.0078000000000000005,0.0388,0.0911,-0.0649,-0.004,-0.011200000000000002,-0.0072,0.0508,-0.0091,-0.038599999999999995,0.0308
2021-03-29,0.0087,0.0138,0.011200000000000002,0.0967,0.051699999999999996,0.0183,0.041299999999999996,0.0175,0.0361,0.0004,0.0659,0.0527,0.0191,0.0294,0.02,0.06280000000000001,0.08380000000000001,0.042199999999999994,0.051500000000000004,0.009300000000000001,0.0353,0.018799999999999997,0.0344
2021-03-30,-0.0014000000000000002,-0.0286,0.008199999999999999,0.042300000000000004,0.0104,-0.0085,0.013500000000000002,0.0194,-0.0055000000000000005,0.0007000000000000001,-0.0115,0.0152,-0.013999999999999999,0.0021,-0.0174,0.10210000000000001,0.010700000000000001,-0.0158,-0.0068000000000000005,0.0412,0.046799999999999994,-0.0042,0.0060999999999999995
2021-03-31,-0.0052,-0.0187,-0.0176,-0.0665,0.0045000000000000005,0.0115,0.1069,0.4057,0.013000000000000001,-0.0007000000000000001,0.0908,0.0123,0.0024,-0.029300000000000003,-0.0461,-0.048600000000000004,0.004699999999999999,-0.0183,0.054900000000000004,0.0084,0.0134,0.0104,0.0288
2021-04-01,0.1557,0.0031,-0.0072,-0.042699999999999995,0.028900000000000002,0.0452,0.1636,-0.0796,0.0017000000000000001,-0.0005,0.0102,-0.022400000000000003,-0.0121,-0.0139,-0.0649,-0.052000000000000005,0.0274,0.0231,0.024,0.0172,-0.0011,0.0849,0.0493
2021-04-02,-0.0731,0.0692,0.0063,0.02,0.046900000000000004,0.0358,0.12,0.0805,0.0635,0.0,0.0951,0.039900000000000005,0.0024,0.0245,0.0149,-0.0018,0.031,0.0536,0.0795,0.0291,0.09949999999999999,0.0824,0.0453
2021-04-03,-0.035,-0.0705,-0.0226,-0.1161,-0.0784,-0.0698,-0.1348,0.0998,-0.046,-0.0002,0.009000000000000001,0.1331,-0.0263,-0.0294,-0.024700000000000003,-0.0875,-0.0897,-0.0287,-0.0971,-0.0024,-0.096,-0.0971,-0.0863
2021-04-04,0.0332,0.0572,0.016,0.0434,0.0362,0.049,0.16079999999999997,0.2579,0.0968,0.0007000000000000001,0.0706,0.07150000000000001,0.0102,0.0348,0.0349,0.0754,0.049400000000000006,0.0526,0.049100000000000005,0.0255,0.0622,0.0294,0.2116
2021-04-05,0.0444,0.1075,0.025099999999999997,-0.0222,0.0947,0.2503,0.06480000000000001,0.07200000000000001,0.4384,-0.0001,0.0342,-0.0425,-0.0349,0.0721,-0.0167,0.009399999999999999,0.11019999999999999,-0.0037,0.0513,0.0070999999999999995,-0.013500000000000002,0.010700000000000001,0.0126
2021-04-06,0.0723,0.0932,0.0332,0.026099999999999998,0.0694,0.0072,-0.0077,-0.09230000000000001,0.1942,0.0,-0.054400000000000004,0.0876,-0.045899999999999996,0.0063,0.0108,0.0654,0.0454,0.014499999999999999,0.07400000000000001,0.0184,-0.0368,-0.016,0.0070999999999999995
2021-04-07,-0.0864,-0.0538,-0.0622,-0.08070000000000001,-0.0754,-0.1183,-0.11359999999999999,-0.1142,-0.1595,-0.0002,-0.0861,0.0638,-0.078,-0.0625,0.0471,-0.048,-0.0802,-0.0874,-0.1036,-0.048799999999999996,-0.09029999999999999,-0.0818,-0.08130000000000001
2021-04-08,0.0516,0.1025,0.0382,0.0944,0.034300000000000004,0.0605,0.09480000000000001,0.12369999999999999,0.15410000000000001,0.0001,0.0441,0.0154,0.021,0.0425,0.053200000000000004,0.22920000000000001,0.1416,0.059699999999999996,0.053399999999999996,0.04769999999999999,0.0641,0.0504,0.057300000000000004
2021-04-09,-0.0028000000000000004,0.0797,-0.0139,0.0311,-0.024700000000000003,-0.038,-0.0374,-0.06280000000000001,-0.0366,-0.0002,-0.013500000000000002,0.027200000000000002,-0.0064,0.0231,-0.0223,0.1423,-0.0127,-0.0229,-0.0364,0.0148,-0.0327,0.0064,-0.0111
2021-04-10,0.0342,0.12869999999999998,0.013300000000000001,-0.0248,0.1602,0.1583,0.0667,0.0909,0.34850000000000003,0.0003,0.0199,-0.0344,-0.011000000000000001,0.01,-0.0203,-0.0535,0.11720000000000001,0.0086,0.0104,0.0688,0.023399999999999997,0.0038,0.0705
2021-04-11,0.1643,-0.019799999999999998,0.0371,0.0558,-0.0152,0.0401,0.0167,-0.0338,-0.0141,0.0,-0.0067,0.0385,-0.024399999999999998,-0.005,-0.013999999999999999,0.14679999999999999,0.0055000000000000005,0.0045000000000000005,0.0622,0.1231,0.012199999999999999,0.0208,0.0121
2021-04-12,-0.0463,-0.077,0.0415,0.023,-0.030600000000000002,0.0096,-0.0371,0.0546,0.0832,-0.0002,-0.02,0.0235,-0.030600000000000002,0.0695,-0.0060999999999999995,0.0018,-0.046900000000000004,0.2271,-0.0236,-0.041100000000000005,0.0689,0.18359999999999999,-0.0216
2021-04-13,0.3259,0.19039999999999999,0.0736,0.1524,0.092,0.1117,0.1396,0.138,0.2238,-0.0003,0.061,-0.035,0.0666,-0.0046,0.0254,-0.0783,0.0783,-0.0346,0.0717,0.0401,0.0052,-0.0464,0.046799999999999994
2021-04-14,0.2942,0.0974,0.0278,-0.0848,0.0421,-0.0317,0.0383,-0.0429,0.0223,0.0001,-0.01,-0.036699999999999997,-0.0216,0.1417,-0.0239,-0.0404,-0.0181,0.0195,0.16570000000000001,-0.020099999999999996,0.0735,0.0403,0.04019999999999999
2021-04-15,0.5063,0.0466,0.018600000000000002,0.011200000000000002,0.0264,0.0063,0.0275,0.1684,-0.042699999999999995,0.0011,0.0226,0.050300000000000004,0.1038,-0.0375,0.0352,0.0137,0.0259,0.0452,0.0302,0.0728,0.08710000000000001,0.4072,0.0719
2021-04-16,0.9998999999999999,0.34119999999999995,-0.0458,-0.0808,0.0785,-0.0435,0.0795,-0.016200000000000003,-0.1197,-0.0001,-0.046799999999999994,-0.08650000000000001,-0.0665,-0.041299999999999996,0.12960000000000002,-0.0426,0.15990000000000001,-0.043,-0.0147,-0.0104,-0.0535,-0.1042,0.1578
2021-04-17,-0.2288,-0.0391,-0.028399999999999998,-0.0189,-0.0235,-0.0325,-0.0839,-0.0354,-0.0044,-0.0007000000000000001,0.0178,-0.02,-0.0286,-0.0416,-0.0637,0.060700000000000004,-0.07490000000000001,-0.0362,-0.048799999999999996,0.0674,-0.034300000000000004,-0.0181,-0.061
2021-04-18,0.1423,0.11900000000000001,-0.06849999999999999,-0.0966,-0.0908,-0.08,-0.0654,-0.08070000000000001,-0.0861,0.001,-0.1142,0.2987,-0.1246,-0.1386,-0.1149,-0.0713,0.0125,-0.0892,-0.0212,-0.0689,-0.1045,-0.0222,-0.1092
2021-04-19,0.26489999999999997,-0.0998,-0.0635,-0.06559999999999999,-0.0449,-0.0824,-0.09269999999999999,-0.091,-0.0702,-0.0004,-0.07,-0.0233,0.0371,-0.1056,-0.08130000000000001,0.030699999999999998,-0.1173,-0.009000000000000001,-0.0849,0.057699999999999994,-0.0984,0.0864,-0.07440000000000001
2021-04-20,-0.22010000000000002,0.10400000000000001,0.059800000000000006,0.12140000000000001,-0.0013,0.058499999999999996,0.0141,0.0241,0.0588,0.0001,0.0208,0.0048,-0.0321,0.0483,0.0868,0.2036,0.054900000000000004,0.0181,0.09029999999999999,0.1328,0.0478,-0.0182,0.08289999999999999
2021-04-21,-0.038,-0.10369999999999999,-0.0496,-0.1005,-0.011899999999999999,-0.0708,-0.056100000000000004,-0.078,-0.069,-0.0006,-0.047599999999999996,0.0217,-0.013500000000000002,-0.0584,-0.061799999999999994,-0.050300000000000004,-0.061500000000000006,0.044500000000000005,-0.0697,-0.0735,-0.026000000000000002,0.1689,-0.0706
2021-04-22,-0.1467,-0.1574,-0.0483,-0.1128,-0.0189,-0.084,-0.0737,-0.10279999999999999,-0.102,0.0002,-0.0246,0.2,0.0278,-0.0716,-0.09910000000000001,-0.0379,-0.1158,0.016200000000000003,-0.0288,-0.0748,0.0255,-0.0034000000000000002,-0.0643
2021-04-23,-0.0463,0.057800000000000004,0.0092,0.0371,-0.0458,0.0008,-0.0479,-0.009300000000000001,0.0098,0.0005,-0.021400000000000002,-0.04650000000000001,0.0348,-0.0177,0.0008,0.0728,0.0252,-0.03,-0.0029,0.020499999999999997,-0.045899999999999996,0.008,-0.0499
2021-04-24,0.08560000000000001,-0.114,-0.0473,-0.0913,-0.06709999999999999,-0.055999999999999994,-0.0867,-0.0583,-0.1026,0.001,-0.0992,0.09759999999999999,0.1043,-0.07400000000000001,-0.1277,0.0481,-0.10949999999999999,-0.084,-0.1119,0.0758,-0.0748,-0.012,-0.061799999999999994
2021-04-25,-0.07,-0.059500000000000004,-0.0111,0.009000000000000001,-0.0072,-0.021099999999999997,-0.0187,-0.0109,-0.0155,-0.0006,0.024399999999999998,0.1675,0.134,-0.0131,0.0581,0.0673,-0.0172,0.1234,0.0128,-0.0676,0.0964,-0.045899999999999996,0.0012
2021-04-26,0.0745,0.12359999999999999,0.13269999999999998,0.15810000000000002,0.107,0.1664,0.17350000000000002,0.1545,0.3223,-0.0002,0.1225,-0.0761,-0.002,0.228,0.1727,0.1128,0.21289999999999998,0.1267,0.11109999999999999,0.1386,0.1623,0.0509,0.1303
2021-04-27,0.0032,0.1063,0.059500000000000004,0.066,0.0499,0.0501,0.0334,0.0736,0.0254,-0.0002,0.044199999999999996,-0.0143,0.0053,0.0547,0.047400000000000005,0.0662,0.1105,0.0371,0.0479,-0.0060999999999999995,0.0875,0.1344,0.0508
2021-04-28,0.1955,-0.0482,0.022099999999999998,-0.0553,-0.0040999999999999995,-0.023799999999999998,-0.0168,-0.0253,-0.031200000000000002,0.0,-0.026600000000000002,0.039599999999999996,-0.0509,0.014199999999999999,-0.0184,0.0116,-0.01,0.0815,-0.0146,0.0273,0.0458,-0.0321,-0.0129
2021-04-29,-0.0629,-0.0368,-0.022400000000000003,-0.0024,-0.0131,-0.0125,-0.0097,-0.0123,0.0296,-0.0004,0.059800000000000006,-0.0528,-0.034300000000000004,-0.0129,-0.0143,0.1794,-0.0393,-0.0417,0.005600000000000001,-0.014199999999999999,-0.0473,-0.0345,-0.0084
2021-04-30,0.1101,0.0507,0.0345,0.0472,0.061500000000000006,0.0779,0.0925,0.09179999999999999,0.1423,-0.0002,0.0155,0.0086,0.0278,0.17800000000000002,0.0262,-0.042300000000000004,0.025099999999999997,-0.0095,0.0463,0.0365,0.0129,0.0229,0.113
